>D:\tools\python3.2\python.exe -u "netpack.py"
netpack 2012.11.27

type '\init' in game for more information
use ctrl-c to exit

[57.640] Map Reveal [127, 126] [75]
[57.640] Map Reveal [128, 126] [75]
[57.640] Map Reveal [129, 126] [75]
[0.484] Map Reveal [127, 125] [75]
[0.484] Map Reveal [128, 125] [75]
[0.484] Map Reveal [129, 125] [75]
[4.156] Map Reveal [147, 83] [79]
[4.156] Map Reveal [146, 82] [79]
[4.156] Map Reveal [146, 83] [79]
[4.156] Map Reveal [147, 82] [79]
[4.156] Map Reveal [148, 82] [79]
[4.156] Map Reveal [146, 84] [79]
[4.156] Map Reveal [147, 83] [79]
[4.156] Map Reveal [148, 83] [79]
[4.156] Map Reveal [147, 84] [79]
[4.156] Map Reveal [148, 84] [79]
[5893, 3333]
[5895, 3329]
[8.640] Map Reveal [147, 83] [79]
[5882, 3335]
[5882, 3335]
[15.078] Map Reveal [146, 83] [79]
[5864, 3334]
[5864, 3334]
[15.078] Map Reveal [145, 82] [79]
[15.078] Map Reveal [145, 83] [79]
[15.078] Map Reveal [145, 84] [79]
[33.625] Map Reveal [146, 83] [79]
[5849, 3332]
[5849, 3332]
[49.468] Map Reveal [145, 83] [79]
[5834, 3332]
[5834, 3332]
[49.468] Map Reveal [144, 82] [79]
[49.468] Map Reveal [144, 83] [79]
[49.468] Map Reveal [144, 84] [79]
[56.031] Map Reveal [145, 83] [79]
[5818, 3328]
[5818, 3328]
[58.312] Map Reveal [145, 83] [79]
[5802, 3327]
[5802, 3327]
[1.281] Map Reveal [144, 83] [79]
[5786, 3326]
[5786, 3326]
[1.281] Map Reveal [143, 82] [79]
[1.281] Map Reveal [143, 83] [79]
[1.281] Map Reveal [143, 84] [79]
[3.312] Map Reveal [144, 83] [79]
[5770, 3325]
[5770, 3325]
[7.343] Map Reveal [143, 83] [79]
[5754, 3324]
[5754, 3324]
[7.359] Map Reveal [142, 82] [79]
[7.359] Map Reveal [142, 83] [79]
[7.359] Map Reveal [142, 84] [79]
[19.187] Map Reveal [143, 83] [79]
[5738, 3323]
[5738, 3323]
[26.156] Map Reveal [143, 83] [79]
[5723, 3321]
[5723, 3321]
[44.187] Map Reveal [142, 83] [79]
[5708, 3320]
[5708, 3320]
[44.187] Map Reveal [141, 82] [79]
[44.187] Map Reveal [141, 83] [79]
[44.187] Map Reveal [141, 84] [79]
[48.437] Map Reveal [142, 83] [79]
[5692, 3320]
[5692, 3320]
[50.625] Map Reveal [141, 83] [79]
[5676, 3320]
[5676, 3320]
[50.625] Map Reveal [140, 82] [79]
[50.625] Map Reveal [140, 83] [79]
[50.625] Map Reveal [140, 84] [79]
[58.062] Map Reveal [141, 83] [79]
[5660, 3320]
[5660, 3320]
[10.265] Map Reveal [141, 82] [79]
[5644, 3319]
[5644, 3319]
[10.265] Map Reveal [140, 81] [79]
[10.265] Map Reveal [141, 81] [79]
[10.265] Map Reveal [142, 81] [79]
[30.234] Map Reveal [140, 82] [79]
[5636, 3318]
[5636, 3318]
[38.265] Map Reveal [141, 82] [79]
[5655, 3317]
[5655, 3317]
[38.265] Map Reveal [142, 81] [79]
[38.265] Map Reveal [142, 82] [79]
[38.265] Map Reveal [142, 83] [79]
[38.593] Map Reveal [141, 82] [79]
[5673, 3316]
[5673, 3316]
[41.187] Map Reveal [141, 82] [79]
[5658, 3317]
[5658, 3317]
[43.750] Map Reveal [141, 82] [79]
[5646, 3314]
[5646, 3314]
[49.750] Map Reveal [141, 82] [79]
[5655, 3312]
[5655, 3312]
[50.078] Map Reveal [141, 82] [79]
[5672, 3313]
[5672, 3313]
[50.390] Map Reveal [142, 82] [79]
[5690, 3315]
[5690, 3315]
[50.390] Map Reveal [143, 81] [79]
[50.390] Map Reveal [143, 82] [79]
[50.390] Map Reveal [143, 83] [79]
[50.703] Map Reveal [142, 82] [79]
[5707, 3317]
[5707, 3317]
[51.593] Map Reveal [142, 82] [79]
[5695, 3316]
[5695, 3316]
[52.515] Map Reveal [142, 82] [79]
[5681, 3317]
[5681, 3317]
[53.671] Map Reveal [141, 82] [79]
[5667, 3318]
[5667, 3318]
[53.671] Map Reveal [140, 81] [79]
[53.671] Map Reveal [140, 82] [79]
[53.671] Map Reveal [140, 83] [79]
[0.468] Map Reveal [141, 82] [79]
[5655, 3319]
[5655, 3319]
[1.796] Map Reveal [141, 83] [79]
[5640, 3320]
[5640, 3320]
[1.796] Map Reveal [140, 84] [79]
[1.796] Map Reveal [141, 84] [79]
[1.796] Map Reveal [142, 84] [79]
[4.437] Map Reveal [141, 83] [79]
[5655, 3321]
[5655, 3321]
[7.593] Map Reveal [141, 82] [79]
[5666, 3316]
[5666, 3316]
[7.593] Map Reveal [140, 81] [79]
[7.593] Map Reveal [141, 81] [79]
[7.593] Map Reveal [142, 81] [79]
[9.312] Map Reveal [141, 82] [79]
[5655, 3312]
[5655, 3312]
[11.218] Map Reveal [141, 82] [79]
[5641, 3307]
[5641, 3307]

>Process failed to respond; forcing abrupt termination...
>Exit code: 1
